64 
1 11 
1 18 
2 12 
2 19 
2 17 
3 13 
3 9 
3 20 
3 18 
4 14 
4 10 
4 21 
4 19 
5 15 
5 11 
5 22 
5 20 
6 12 
6 23 
6 21 
7 13 
7 22 
8 14 
8 23 
9 19 
9 3 
9 26 
10 20 
10 4 
10 27 
10 25 
11 21 
11 17 
11 5 
11 1 
11 28 
11 26 
12 22 
12 18 
12 6 
12 2 
12 29 
12 27 
13 23 
13 19 
13 7 
13 3 
13 30 
13 28 
14 20 
14 4 
14 31 
14 29 
15 21 
15 5 
15 30 
16 22 
16 6 
16 31 
17 27 
17 11 
17 2 
17 34 
18 28 
18 12 
18 3 
18 1 
18 35 
18 33 
19 29 
19 25 
19 13 
19 9 
19 4 
19 2 
19 36 
19 34 
20 30 
20 26 
20 14 
20 10 
20 5 
20 3 
20 37 
20 35 
21 31 
21 27 
21 15 
21 11 
21 6 
21 4 
21 38 
21 36 
22 28 
22 12 
22 7 
22 5 
22 39 
22 37 
23 29 
23 13 
23 6 
23 38 
24 30 
24 14 
24 7 
24 39 
25 35 
25 19 
25 10 
25 42 
26 36 
26 20 
26 11 
26 9 
26 43 
26 41 
27 37 
27 33 
27 21 
27 17 
27 12 
27 10 
27 44 
27 42 
28 38 
28 34 
28 22 
28 18 
28 13 
28 11 
28 45 
28 43 
29 39 
29 35 
29 23 
29 19 
29 14 
29 12 
29 46 
29 44 
30 36 
30 20 
30 15 
30 13 
30 47 
30 45 
31 37 
31 21 
31 14 
31 46 
32 38 
32 22 
32 15 
32 47 
33 43 
33 27 
33 18 
33 50 
34 44 
34 28 
34 19 
34 17 
34 51 
34 49 
35 45 
35 41 
35 29 
35 25 
35 20 
35 18 
35 52 
35 50 
36 46 
36 42 
36 30 
36 26 
36 21 
36 19 
36 53 
36 51 
37 47 
37 43 
37 31 
37 27 
37 22 
37 20 
37 54 
37 52 
38 44 
38 28 
38 23 
38 21 
38 55 
38 53 
39 45 
39 29 
39 22 
39 54 
40 46 
40 30 
40 23 
40 55 
41 51 
41 35 
41 26 
42 52 
42 36 
42 27 
42 25 
43 53 
43 49 
43 37 
43 33 
43 28 
43 26 
44 54 
44 50 
44 38 
44 34 
44 29 
44 27 
45 55 
45 51 
45 39 
45 35 
45 30 
45 28 
46 52 
46 36 
46 31 
46 29 
47 53 
47 37 
47 30 
48 54 
48 38 
48 31 
49 43 
49 34 
50 44 
50 35 
50 33 
51 45 
51 41 
51 36 
51 34 
52 46 
52 42 
52 37 
52 35 
53 47 
53 43 
53 38 
53 36 
54 44 
54 39 
54 37 
55 45 
55 38 
56 46 
56 39 
57 51 
57 42 
58 52 
58 43 
58 41 
59 53 
59 49 
59 44 
59 42 
60 54 
60 50 
60 45 
60 43 
61 55 
61 51 
61 46 
61 44 
62 52 
62 47 
62 45 
63 53 
63 46 
64 54 
64 47 
